[np.float64(-8.338151836816169e-29), np.float64(-0.029503462535341373), np.float64(-0.0390175611057545), np.float64(-4.366506673946599), np.float64(1104.6301400565198), np.float64(-0.6771955885915112), np.float64(1.4201487472754821), np.float64(9.6022751138859)]
[-0.007678957419520911, -0.11396233459497623, -0.447023284691769, -55.82793509489924, 130.78876638959116, -2.883615988040884, 0.006596987082662026, 3.098299999999999]
[-0.00819713557792069, 0.03382494832876154, -0.4377140674325277, -55.827686352381896, 9.425659890813808, -3.2621988102886172, 0.003050285380427639, 3.098315699990401]
[1.927434295967798e-06, -0.07771355578156476, -0.13718171225203948, 0.5350812949774135, 4463.350590860773, -0.5254625252422866, 1.3967316947878468, 9.9414645679814]
[-3.5146397031494507e-32, 0.594498239556574, -0.048220362291616026, 0.1269397678248585, 8662.405001248297, -0.38831769285035644, 0.4202407038284502, 9.9338673571405]
[2.9e-322, 0.5431938328721126, -0.12161391926895466, 0.3417991419959958, 8658.104897778145, -0.6406215633745495, 0.06409827088716658, 9.9350862114049]
[-2.3970919683111303e-27, 0.4928748247572653, -0.048267671642103854, 0.37906411360370074, 8660.119161692883, -0.45926591015760876, 1.297127244569453, 9.9648545421214]
[6.30224921509662e-29, 0.5504310874712948, -0.08619739440926846, -22.60108668368336, 1050.1226677565057, -0.8449348317069371, 1.1275328869628096, 8.4783909311774]
[-2.7203820395152957e-15, 0.4418045501760841, -0.13450388606860958, -3.5722246369839286, 1484.7193887847236, -0.9230103460230084, 2.14520092965998, 9.07579930818]
[-3.1620958307066555e-185, 0.021458440151366776, -0.06832284449662505, -16.65823443412395, 3551.858299646431, -0.6855695626125368, 1.666604251736712, 9.8985683602926]
[1.966e-321, 0.03825864197118936, -0.08276356502376149, -16.133705355027647, 2021.5795329284542, -0.5916854963498961, 0.06326544847865487, 9.3387487905439]