[array([0.8     , 0.732999]), array([0.8     , 0.926564]), array([0.55    , 0.611593, 0.340176]), array([0.6     , 0.428771, 0.425825, 0.249007]), array([0.32    , 0.84648 , 0.879484, 0.878515]), array([0.77    , 0.154692, 0.732551, 0.693996, 0.056401]), array([0.1     , 0.491672, 0.247422, 0.218118, 0.420428, 0.730969]), array([0.1     , 0.065955, 0.022928, 0.038786, 0.403935, 0.801055,
       0.488307, 0.893084])]
[array([0.645303, 0.67843 ]), array([0.152163, 0.338723]), array([0.150606, 0.514961, 1.      ]), array([1., 1., 1., 1.]), array([0.614148, 0.      , 0.933712, 0.115606]), array([0.175426, 0.938041, 0.      , 0.156664, 0.904988]), array([0.288811, 0.510675, 0.06457 , 0.465677, 1.      , 0.672952]), array([1., 1., 1., 1., 1., 0., 1., 1.])]
[array([0.645577, 0.676983]), array([0.180641, 0.344489]), array([0.104805, 0.609437, 0.999999]), array([0.999999, 0.999999, 0.999999, 0.999999]), array([0.545712, 0.802363, 0.231289, 0.514652]), array([0.06481 , 0.999999, 0.      , 0.02813 , 0.999999]), array([0.640706, 0.592377, 0.058594, 0.21782 , 0.920125, 0.623117]), array([0.999999, 0.999999, 0.999999, 0.999999, 0.999999, 0.      ,
       0.999999, 0.999999])]
[array([0.36459 , 0.353163]), array([0.958278, 0.      ]), array([0.999999, 0.      , 0.794233]), array([0.402563, 0.400307, 0.357525, 0.40775 ]), array([0.271611, 0.999999, 0.999999, 0.999999]), array([0.367117, 0.233084, 0.593107, 0.999999, 0.      ]), array([0.      , 0.334657, 0.401259, 0.09884 , 0.367675, 0.833408]), array([0.134613, 0.130598, 0.14661 , 0.083118, 0.999999, 0.39897 ,
       0.153874, 0.999999])]
[array([0.532789, 0.817266]), array([0.69973, 0.     ]), array([0.696026, 0.107542, 0.463492]), array([0.398081, 0.398554, 0.33205 , 0.41896 ]), array([0.999999, 0.999999, 0.999999, 0.999999]), array([0.459409, 0.327484, 0.75764 , 0.746925, 0.      ]), array([0.      , 0.663264, 0.      , 0.070083, 0.374752, 0.772576]), array([0.137258, 0.139281, 0.155874, 0.182828, 0.988383, 0.541042,
       0.248615, 0.      ])]
[array([0.034133, 0.980602]), array([0.685294, 0.999999]), array([0.194836, 0.348703, 0.      ]), array([0.397172, 0.396162, 0.340361, 0.419077]), array([0.999961, 0.999909, 0.999999, 0.999905]), array([0.481402, 0.272805, 0.999999, 0.85586 , 0.      ]), array([0.      , 0.999999, 0.326281, 0.145544, 0.398996, 0.999999]), array([0.140861, 0.205991, 0.100534, 0.303262, 0.919816, 0.50024 ,
       0.267704, 0.999999])]
[array([0.702175, 0.810049]), array([0.719853, 0.674874]), array([0.427334, 0.999999, 0.504266]), array([0.389866, 0.391067, 0.369265, 0.421938]), array([0.999999, 0.999999, 0.999956, 0.999924]), array([0.38613 , 0.285285, 0.499511, 0.677552, 0.      ]), array([0.      , 0.379723, 0.      , 0.318923, 0.381578, 0.80673 ]), array([0.146159, 0.187154, 0.181287, 0.122938, 0.720399, 0.461661,
       0.211008, 0.999999])]
[array([0.266471, 0.547321]), array([0.702198, 0.013774]), array([0.152138, 0.049156, 0.457428]), array([0.106274, 0.009954, 0.01545 , 0.032715]), array([0.782352, 0.645903, 0.768917, 0.940522]), array([0.230871, 0.025121, 0.550494, 0.987505, 0.028794]), array([0.180476, 0.333308, 0.090879, 0.183768, 0.143884, 0.817537]), array([5.47000e-04, 7.48773e-01, 1.53770e-01, 9.53420e-01, 2.34834e-01,
       9.58394e-01, 4.49934e-01, 7.16364e-01])]